size: 854 480
bounds: -848.241687332089 853.000000000000 -30.377671426024 609.426708483600
1.0000000000 0.0000000000 0.0000000000 0.0000000000 1.0000000000 0.0000000000 0.0000000000 0.0000000000 1.0000000000 
0.9991050959 0.0020109359 1.8976765871 -0.0000980435 0.9997251034 0.0385779813 -0.0000011203 -0.0000001188 0.9999978542 
0.9970415831 0.0099873533 6.3091840744 -0.0001105464 0.9985886216 0.0925237685 -0.0000036577 0.0000013377 0.9999769926 
0.9907610416 0.0168265626 18.7080459595 -0.0020044136 0.9954048395 0.2581333220 -0.0000108952 0.0000012590 0.9997947216 
0.9831613898 0.0147750722 34.8020286560 -0.0048391107 0.9905600548 0.9464429021 -0.0000192606 0.0000008920 0.9993195534 
0.9790536761 0.0077043041 45.1596031189 -0.0066860244 0.9888696074 0.8171624541 -0.0000239630 0.0000019460 0.9988971353 
0.9772995114 0.0054950533 48.9916877747 -0.0066196378 0.9877828360 -0.1666662395 -0.0000256972 0.0000017603 0.9987121224 
0.9758080840 0.0044017914 52.0625839233 -0.0056261211 0.9874604940 -1.1896222830 -0.0000268994 0.0000009418 0.9985638857 
0.9741813540 0.0031444666 55.3291702271 -0.0047234986 0.9875361323 -1.9349395037 -0.0000284950 0.0000003591 0.9983808398 
0.9703190327 0.0131290741 60.6119117737 -0.0047023059 0.9842562675 -1.4084100723 -0.0000325848 0.0000001130 0.9979639053 
0.9618372321 0.0164265074 75.0042572021 -0.0051094042 0.9792845249 -1.5629748106 -0.0000412824 -0.0000000483 0.9967799783 
0.9535850286 0.0154740559 91.2173309326 -0.0056408015 0.9759729505 -2.0165975094 -0.0000495467 0.0000007307 0.9952581525 
0.9448044896 0.0180610791 107.4830322266 -0.0070261662 0.9703397155 -1.7072495222 -0.0000575125 0.0000002420 0.9934560061 
0.9348571301 0.0187428575 125.2891921997 -0.0106462175 0.9651898146 -1.3943110704 -0.0000664846 -0.0000000246 0.9910898209 
0.9251336455 0.0178590715 140.7787628174 -0.0140379341 0.9605209827 -0.7309053540 -0.0000750109 -0.0000004541 0.9885869622 
0.9135993123 0.0257355087 156.6345672607 -0.0164117124 0.9527700543 -0.1731542498 -0.0000844190 -0.0000033153 0.9855239391 
0.8966989517 0.0289479028 180.0848083496 -0.0187444631 0.9449328780 -0.3036800325 -0.0000979275 -0.0000044563 0.9803283811 
0.8772724867 0.0312669128 206.4515228271 -0.0193720255 0.9339777827 -0.4462722540 -0.0001123951 -0.0000068838 0.9735370278 
0.8552632332 0.0365942344 237.6184692383 -0.0212682970 0.9209073186 -0.3177236617 -0.0001273521 -0.0000087383 0.9645977020 
0.8261740208 0.0362682007 272.6234130859 -0.0249140244 0.9050568938 -0.4710617363 -0.0001460634 -0.0000099147 0.9517715573 
0.7967346311 0.0293700360 304.6193542480 -0.0273933113 0.8883186579 -0.3930619061 -0.0001637032 -0.0000121566 0.9373411536 
0.7710170746 0.0238820538 331.8942871094 -0.0294572841 0.8732696176 -0.6141707897 -0.0001774814 -0.0000122973 0.9235069752 
0.7481420636 0.0205888357 354.0953369141 -0.0309854914 0.8604853749 -0.7078251243 -0.0001888372 -0.0000110824 0.9105280638 
0.7251068950 0.0224975906 373.8748168945 -0.0322300531 0.8461209536 -1.0242923498 -0.0001995731 -0.0000137842 0.8969576955 
0.6970669031 0.0251198374 397.1968078613 -0.0329995006 0.8295846581 -1.6439462900 -0.0002119258 -0.0000128588 0.8791343570 
0.6691405177 0.0182568915 420.4189453125 -0.0339347124 0.8126370311 -2.4930138588 -0.0002219966 -0.0000125937 0.8603689075 
0.6451283693 0.0108792521 437.8740844727 -0.0344163515 0.7981992364 -3.0989682674 -0.0002302956 -0.0000126913 0.8434658647 
0.6262217760 0.0047082249 451.4198608398 -0.0345718078 0.7861263752 -3.8199129105 -0.0002358097 -0.0000127390 0.8297193646 
0.6112772822 -0.0012077546 460.5859985352 -0.0357754901 0.7764061093 -4.7531275749 -0.0002402650 -0.0000131006 0.8185765147 
0.6007785797 -0.0047982852 466.8212585449 -0.0360773988 0.7697750926 -5.3945560455 -0.0002433105 -0.0000125598 0.8105144501 
0.5932754278 -0.0089653023 471.3348388672 -0.0355649628 0.7649843097 -6.0218715668 -0.0002451486 -0.0000129821 0.8047534227 
0.5887385011 -0.0135433944 474.1642150879 -0.0345043205 0.7618016601 -6.0171222687 -0.0002462799 -0.0000129724 0.8011153340 
0.5866809487 -0.0144459959 475.8425292969 -0.0336457901 0.7610406280 -6.3312797546 -0.0002467071 -0.0000118505 0.7994077206 
0.5849903226 -0.0144189671 477.2222595215 -0.0332964845 0.7592653036 -6.5684823990 -0.0002469975 -0.0000114121 0.7980296612 
0.5826791525 -0.0150094554 478.2019958496 -0.0330567285 0.7579488754 -7.3481049538 -0.0002478925 -0.0000110114 0.7961012721 
0.5816060305 -0.0155909499 479.3916015625 -0.0326984599 0.7572661638 -7.9739775658 -0.0002479723 -0.0000100973 0.7951875329 
0.5801297426 -0.0157641210 479.8926391602 -0.0326734148 0.7565029263 -8.8131971359 -0.0002485299 -0.0000104220 0.7939980030 
0.5790030956 -0.0154403821 480.5465393066 -0.0330331549 0.7553399205 -9.3171758652 -0.0002487181 -0.0000107023 0.7931593060 
0.5779589415 -0.0153439166 480.9500122070 -0.0336229205 0.7548666596 -9.9664602280 -0.0002491238 -0.0000108973 0.7922726870 
0.5769547820 -0.0151877673 481.4335632324 -0.0338788927 0.7538757920 -10.5623960495 -0.0002492639 -0.0000118219 0.7915721536 
0.5756348968 -0.0145973172 481.7577819824 -0.0343225375 0.7533825040 -11.1679487228 -0.0002499078 -0.0000114815 0.7904326320 
0.5746024251 -0.0135503476 482.3715209961 -0.0344492346 0.7527273297 -11.7372074127 -0.0002501387 -0.0000110293 0.7896248102 
0.5728243589 -0.0129747996 482.7088012695 -0.0348036103 0.7520031333 -12.2720441818 -0.0002509887 -0.0000107644 0.7881228924 
0.5715667009 -0.0126400385 483.4242248535 -0.0350566320 0.7511004806 -12.3891448975 -0.0002513261 -0.0000104552 0.7870630026 
0.5709270239 -0.0123179136 483.9988403320 -0.0357907712 0.7504937053 -12.9790763855 -0.0002513787 -0.0000102110 0.7865335941 
0.5714358687 -0.0140801072 484.1679992676 -0.0364485011 0.7510177493 -13.6664066315 -0.0002511067 -0.0000102773 0.7868636847 
0.5742082000 -0.0159970913 482.9978942871 -0.0368145667 0.7531264424 -14.2913560867 -0.0002503300 -0.0000105536 0.7890451550 
0.5788483620 -0.0179009605 480.9936828613 -0.0365678780 0.7562930584 -14.3309640884 -0.0002490031 -0.0000108643 0.7926963568 
0.5853277445 -0.0194183607 478.1408691406 -0.0367300436 0.7604852915 -14.4147977829 -0.0002469385 -0.0000119489 0.7978680730 
0.5933918953 -0.0236091819 473.8853149414 -0.0369146802 0.7662747502 -13.7018489838 -0.0002448289 -0.0000127176 0.8040152788 
0.6069551706 -0.0295313317 467.2027893066 -0.0367248692 0.7763797045 -12.3233823776 -0.0002403044 -0.0000152924 0.8144705296 
0.6221739650 -0.0306191798 457.9151611328 -0.0372524075 0.7864524126 -8.7365970612 -0.0002360391 -0.0000142580 0.8256610632 
0.6397812963 -0.0332553759 446.6170654297 -0.0368307494 0.7960067987 -5.6241903305 -0.0002301609 -0.0000162835 0.8386152387 
0.6580498219 -0.0333924070 434.2390136719 -0.0357455350 0.8070082068 -2.6868836880 -0.0002237922 -0.0000167617 0.8515924215 
0.6754581928 -0.0334599502 421.4604492188 -0.0347014405 0.8159272671 -0.2748727202 -0.0002173442 -0.0000181804 0.8636254072 
0.6925588846 -0.0318080485 408.2919921875 -0.0343726501 0.8255667686 1.0540136099 -0.0002106450 -0.0000186435 0.8750834465 
0.7081447244 -0.0314537287 394.8461303711 -0.0342019796 0.8345991373 1.9145233631 -0.0002046151 -0.0000194851 0.8851913214 
0.7238844037 -0.0325732678 381.1864318848 -0.0325491838 0.8444918394 3.2189483643 -0.0001977118 -0.0000204409 0.8951795101 
0.7401097417 -0.0324309953 366.6999206543 -0.0321901888 0.8551347852 5.7530536652 -0.0001900221 -0.0000217219 0.9050864577 
0.7555028200 -0.0317075700 351.6157531738 -0.0319260992 0.8609800935 9.0255403519 -0.0001822339 -0.0000237945 0.9143136144 
0.7705543637 -0.0310027190 336.1678771973 -0.0314169005 0.8692401052 10.3661394119 -0.0001747799 -0.0000247814 0.9228668809 
0.7853623629 -0.0305583254 320.6168212891 -0.0303872656 0.8769360781 11.6148929596 -0.0001666762 -0.0000264295 0.9310532212 
0.7997875810 -0.0298052765 304.5704345703 -0.0297001451 0.8858228326 13.3522462845 -0.0001587282 -0.0000270868 0.9386340976 
0.8134557009 -0.0287671704 288.7474975586 -0.0286794640 0.8915275931 14.9768218994 -0.0001506060 -0.0000282903 0.9455906153 
0.8272433281 -0.0264957082 272.5843200684 -0.0283451471 0.8999193907 15.8878650665 -0.0001420384 -0.0000292488 0.9522486329 
0.8396124244 -0.0256596040 256.7063293457 -0.0283635259 0.9059639573 18.0336456299 -0.0001339847 -0.0000304547 0.9580156207 
0.8518065810 -0.0224641785 240.1940612793 -0.0279298592 0.9120623469 19.7349090576 -0.0001260116 -0.0000308851 0.9634305835 
0.8626482487 -0.0212737676 225.5413818359 -0.0268385895 0.9168101549 20.8134403229 -0.0001185569 -0.0000315670 0.9679552913 
0.8744278550 -0.0233098734 209.8869171143 -0.0251819286 0.9233940244 21.3261013031 -0.0001099095 -0.0000323898 0.9725710154 
0.8866750002 -0.0220498014 192.9644165039 -0.0229378995 0.9296417236 21.9942207336 -0.0001008145 -0.0000320356 0.9770566821 
